     0/299     1.47G   0.02221   0.00192         0   0.02413        14       640    0.4811    0.3873    0.3045   0.09134   0.06662  0.005653         0
     1/299     2.26G   0.02143     0.002         0   0.02343        14       640    0.4197    0.3612    0.2761   0.07625   0.07048  0.005492         0
     2/299     2.61G   0.02473  0.002096         0   0.02683        14       640    0.2214    0.2614    0.1133   0.02484   0.08435  0.005588         0
     3/299     2.96G    0.0319  0.002489         0   0.03439        14       640    0.1735    0.1172   0.05699    0.0124   0.08093  0.006183         0
     4/299     2.96G   0.03191  0.002659         0   0.03457        14       640    0.1836    0.1595    0.0697   0.01979    0.0828  0.006051         0
     5/299     2.96G   0.03225  0.002543         0   0.03479        14       640    0.2008    0.1794   0.08706   0.01882   0.07467  0.006349         0
     6/299     2.96G   0.02872  0.002485         0   0.03121        14       640     0.218    0.2082    0.1056   0.02354   0.07826  0.006196         0
     7/299     2.96G    0.0271  0.002426         0   0.02953        14       640    0.2299    0.2278    0.1184   0.02277   0.08082  0.005712         0
     8/299     2.96G   0.02634  0.002348         0   0.02869        14       640    0.2872    0.2278    0.1395   0.02763   0.07598  0.006066         0
     9/299     2.96G   0.02429  0.002317         0    0.0266        14       640    0.2596    0.1801     0.103   0.02022   0.07875  0.006081         0
    10/299     2.96G   0.02453  0.002379         0   0.02691        14       640    0.2912    0.2096    0.1361   0.02864   0.07435  0.006325         0
    11/299     2.96G   0.02334  0.002278         0   0.02562        14       640    0.3854    0.2305    0.1824   0.03819   0.07202  0.006095         0
    12/299     2.96G   0.02292  0.002307         0   0.02523        14       640     0.389    0.2854    0.2148   0.04619   0.07259    0.0058         0
    13/299     2.96G   0.02256  0.002222         0   0.02478        14       640    0.4391    0.2882    0.2386   0.05806   0.07389  0.005973         0
    14/299     2.96G   0.02298  0.002288         0   0.02527        14       640    0.4343    0.2744    0.2456   0.05193   0.07924  0.005744         0
    15/299     2.96G   0.02252  0.002287         0    0.0248        14       640    0.5271    0.3413    0.3187   0.07901   0.07448   0.00554         0
    16/299     2.96G   0.02182  0.002183         0   0.02401        14       640    0.5429     0.385    0.3771    0.1106   0.07486  0.005578         0
    17/299     2.96G   0.02357   0.00218         0   0.02575        14       640    0.5085     0.351    0.3141   0.07824   0.07482  0.005791         0
    18/299     2.96G   0.02318  0.002187         0   0.02537        14       640     0.589    0.3039    0.3106   0.07614   0.07291  0.006097         0
    19/299     2.96G   0.02138  0.002135         0   0.02351        14       640    0.5133    0.3585    0.3361   0.09024   0.07718  0.005822         0
    20/299     2.96G   0.02103  0.002118         0   0.02315        14       640    0.6267    0.3684    0.3923    0.1139   0.07038  0.005873         0
    21/299     2.96G   0.02199  0.002181         0   0.02417        14       640    0.5559    0.3427    0.3348   0.08049   0.07607  0.005651         0
    22/299     2.96G   0.02138  0.002181         0   0.02356        14       640    0.5149    0.3713    0.3566    0.1074   0.07532  0.005796         0
    23/299     2.96G   0.02165  0.002128         0   0.02378        14       640    0.6906    0.3883     0.434    0.1271   0.07058  0.005603         0
    24/299     2.96G   0.01956  0.002103         0   0.02166        14       640    0.6257    0.4182    0.4528    0.1437   0.07294  0.005474         0
    25/299     2.96G   0.02064   0.00206         0   0.02271        14       640    0.6533    0.3605    0.4012    0.1201   0.07341  0.005762         0
    26/299     2.96G    0.0208   0.00214         0   0.02294        14       640    0.7174    0.4207    0.4905     0.165   0.07704  0.005013         0
    27/299     2.96G   0.01984   0.00206         0    0.0219        14       640    0.6448    0.4367    0.4664    0.1495   0.07145  0.005434         0
    28/299     2.96G   0.02019  0.002125         0   0.02232        14       640    0.6272    0.4226    0.4549    0.1475   0.06812   0.00579         0
    29/299     2.96G   0.01939  0.002124         0   0.02151        14       640    0.7296    0.4292    0.5011    0.1607   0.07001  0.005534         0
    30/299     2.96G   0.01886   0.00206         0   0.02092        14       640    0.5864    0.4508    0.4645    0.1589   0.06595  0.005956         0
    31/299     2.96G   0.01941  0.002076         0   0.02149        14       640      0.67    0.4734    0.5279    0.2018   0.06728  0.005784         0
    32/299     2.96G   0.01924  0.002098         0   0.02134        14       640    0.6827    0.4789     0.516    0.1842   0.06553  0.005987         0
    33/299     2.96G   0.01859  0.002054         0   0.02064        14       640    0.6903    0.4772    0.5344    0.2081   0.06557  0.005818         0
    34/299     2.96G   0.01846  0.002041         0    0.0205        14       640    0.7307    0.4888    0.5428    0.2062   0.06507  0.005767         0
    35/299     2.96G   0.01958  0.002038         0   0.02161        14       640    0.7436    0.4686    0.5428    0.2144   0.06355  0.006013         0
    36/299     2.96G   0.01875   0.00204         0   0.02079        14       640    0.7247    0.5057    0.5706    0.2258   0.06393  0.005824         0
    37/299     2.96G   0.01817  0.002014         0   0.02018        14       640    0.7617    0.4957    0.5652    0.2264   0.06395  0.005858         0
    38/299     2.96G   0.01833  0.002026         0   0.02035        14       640    0.7153    0.4995     0.552    0.2279   0.06306  0.006002         0
    39/299     2.96G   0.01798  0.002043         0   0.02003        14       640    0.7509     0.506    0.5699    0.2399   0.06535   0.00588         0
    40/299     2.96G   0.01874  0.002014         0   0.02075        14       640    0.6883     0.481    0.5489    0.2298   0.06289  0.005816         0
    41/299     2.96G   0.01911  0.002011         0   0.02112        14       640    0.7477     0.517    0.5793    0.2488   0.06181  0.006019         0
    42/299     2.96G   0.01923  0.002047         0   0.02128        14       640    0.7671    0.5142    0.5917    0.2603   0.06163  0.006025         0
    43/299     2.96G   0.01852  0.002018         0   0.02054        14       640    0.7582    0.5235    0.5981    0.2709   0.06574  0.005378         0
    44/299     2.96G   0.01815  0.002001         0   0.02015        14       640    0.7214    0.5557    0.6071     0.283   0.06726   0.00543         0
    45/299     2.96G   0.01742  0.001984         0    0.0194        14       640    0.7542    0.5702    0.6274    0.2946   0.06227    0.0057         0
    46/299     2.96G    0.0177  0.001997         0    0.0197        14       640     0.776    0.5468    0.6179    0.3004   0.06033  0.005931         0
    47/299     2.96G   0.01718  0.002001         0   0.01918        14       640    0.7977    0.5472    0.6348    0.3071   0.05962  0.005732         0
    48/299     2.96G   0.01729  0.001931         0   0.01922        14       640    0.8141    0.5437    0.6319    0.3104   0.06354  0.005577         0
    49/299     2.96G   0.01701  0.001965         0   0.01898        14       640    0.7625    0.5633    0.6335    0.3143   0.05876  0.005689         0
    50/299     2.96G   0.01677  0.001942         0   0.01872        14       640     0.806    0.5609     0.638    0.3213   0.06049  0.005733         0
    51/299     2.96G   0.01685   0.00193         0   0.01878        14       640    0.7809    0.5697    0.6428    0.3272   0.06044  0.005758         0
    52/299     2.96G   0.01672  0.001937         0   0.01865        14       640    0.7822    0.5777    0.6491    0.3283   0.05931  0.005857         0
    53/299     2.96G   0.01796  0.001964         0   0.01992        14       640    0.8462    0.5554    0.6485    0.3304   0.05794  0.005813         0
    54/299     2.96G   0.01768   0.00196         0   0.01964        14       640    0.7481    0.5804    0.6373    0.3253   0.05924  0.005738         0
    55/299     2.96G    0.0171  0.001979         0   0.01908        14       640    0.8282    0.5491    0.6431    0.3349   0.05758  0.005827         0
    56/299     2.96G   0.01747  0.001953         0   0.01943        14       640    0.8265    0.5547    0.6455    0.3424     0.058  0.005736         0
    57/299     2.96G   0.01736  0.001935         0    0.0193        14       640    0.8427    0.5495    0.6464    0.3428   0.05796  0.005658         0
    58/299     2.96G   0.01778  0.001955         0   0.01973        14       640    0.8486     0.544    0.6466     0.344   0.05884  0.005583         0
    59/299     2.96G   0.01741   0.00194         0   0.01935        14       640     0.809    0.5705    0.6564    0.3502   0.05963  0.005559         0
    60/299     2.96G   0.01721  0.001944         0   0.01915        14       640    0.7959    0.5835    0.6591    0.3514   0.05956    0.0055         0
    61/299     2.96G   0.01697   0.00194         0   0.01891        14       640    0.8231    0.5722    0.6629     0.356   0.05854  0.005652         0
    62/299     2.96G   0.01832  0.001971         0   0.02029        14       640    0.8764    0.5461    0.6593    0.3509   0.05928  0.005602         0
    63/299     2.96G   0.01708  0.001991         0   0.01908        14       640    0.8262    0.5706    0.6541    0.3495   0.06129   0.00543         0
    64/299     2.96G   0.01709  0.001893         0   0.01899        14       640    0.8579    0.5657    0.6609    0.3589   0.05922  0.005501         0
    65/299     2.96G   0.01676  0.001935         0   0.01869        14       640    0.7927    0.5983    0.6599      0.36   0.05787  0.005663         0
    66/299     2.96G   0.01681    0.0019         0   0.01871        14       640    0.8597    0.5655    0.6662    0.3597   0.06016  0.005556         0
    67/299     2.96G   0.01662  0.001872         0   0.01849        14       640    0.8399    0.5813    0.6695    0.3658    0.0609  0.005473         0
    68/299     2.96G   0.01755  0.001865         0   0.01941        14       640    0.8402    0.5791    0.6737    0.3639   0.06034  0.005484         0
    69/299     2.96G   0.01688   0.00191         0   0.01879        14       640    0.8369    0.5949    0.6764    0.3659   0.06062  0.005393         0
    70/299     2.96G   0.01611   0.00187         0   0.01798        14       640    0.8604    0.5835    0.6775     0.368   0.05898  0.005449         0
    71/299     2.96G   0.01691  0.001915         0   0.01882        14       640    0.8517    0.5889    0.6787    0.3702   0.05976  0.005454         0
    72/299     2.96G   0.01604  0.001848         0   0.01788        14       640    0.8588    0.5947    0.6819     0.374   0.05901  0.005479         0
    73/299     2.96G   0.01598  0.001852         0   0.01783        14       640    0.8673    0.5887    0.6817    0.3756   0.05846  0.005538         0
    74/299     2.96G   0.01737  0.001861         0   0.01923        14       640    0.8598    0.5955    0.6843    0.3807    0.0583   0.00551         0
    75/299     2.96G   0.01705  0.001947         0     0.019        14       640    0.8429    0.6021    0.6788    0.3718   0.05789  0.005514         0
    76/299     2.96G   0.01654  0.001921         0   0.01846        14       640     0.801    0.6192    0.6795     0.373   0.05721  0.005533         0
    77/299     2.96G   0.01743  0.001937         0   0.01936        14       640    0.8126    0.6106    0.6795    0.3714   0.05735  0.005529         0
    78/299     2.96G   0.01638  0.001885         0   0.01827        14       640    0.8546    0.5901    0.6825    0.3735   0.05768  0.005533         0
    79/299     2.96G   0.01572  0.001838         0   0.01756        14       640    0.8202    0.6103    0.6848    0.3773   0.05721  0.005563         0
    80/299     2.96G   0.01646  0.001842         0    0.0183        14       640    0.8291    0.6093    0.6862    0.3796   0.05744  0.005576         0
    81/299     2.96G   0.01521  0.001846         0   0.01706        14       640     0.803    0.6236    0.6894    0.3813    0.0584  0.005558         0
    82/299     2.96G   0.01556  0.001808         0   0.01737        14       640     0.819    0.6206    0.6914    0.3826   0.05742   0.00559         0
    83/299     2.96G   0.01509  0.001807         0    0.0169        14       640    0.8299    0.6168    0.6944    0.3858   0.05722  0.005551         0
    84/299     2.96G   0.01493  0.001819         0   0.01675        14       640    0.8232     0.625    0.6954    0.3884   0.05687  0.005549         0
    85/299     2.96G   0.01578  0.001798         0   0.01758        14       640    0.8063    0.6346    0.6968    0.3898   0.05659   0.00555         0
    86/299     2.96G    0.0147  0.001805         0    0.0165        14       640    0.8457    0.6186    0.6978    0.3905   0.05661  0.005538         0
    87/299     2.96G   0.01488   0.00177         0   0.01665        14       640    0.8546    0.6168    0.6987    0.3927   0.05658  0.005524         0
    88/299     2.96G   0.01556  0.001775         0   0.01733        14       640    0.8614    0.6134    0.7005    0.3931   0.05652  0.005517         0
    89/299     2.96G   0.01447  0.001763         0   0.01623        14       640    0.8615    0.6158    0.7012    0.3939   0.05669  0.005496         0
    90/299     2.96G   0.01471   0.00177         0   0.01648        14       640     0.872    0.6117    0.7018    0.3943   0.05698  0.005479         0
    91/299     2.96G    0.0144  0.001767         0   0.01617        14       640    0.8515     0.622    0.7025    0.3951   0.05723  0.005443         0
    92/299     2.96G   0.01493  0.001763         0   0.01669        14       640    0.8656    0.6141    0.7034    0.3955   0.05726  0.005425         0
    93/299     2.96G   0.01541  0.001748         0   0.01716        14       640    0.8504    0.6237    0.7034    0.3961   0.05707  0.005417         0
    94/299     2.96G   0.01533  0.001753         0   0.01708        14       640    0.8782    0.6103     0.703     0.396   0.05729  0.005411         0
    95/299     2.96G   0.01563  0.001755         0   0.01738        14       640    0.8715     0.611     0.703    0.3966   0.05725  0.005412         0
    96/299     2.96G   0.01538  0.001776         0   0.01716        14       640    0.8635    0.6148    0.7033    0.3956   0.05726  0.005406         0
    97/299     2.96G   0.01498  0.001725         0   0.01671        14       640    0.8675    0.6148    0.7057    0.3961   0.05741  0.005391         0
    98/299     2.96G    0.0151  0.001736         0   0.01684        14       640     0.852     0.624    0.7065    0.3961    0.0574  0.005379         0
    99/299     2.96G   0.01464  0.001751         0   0.01639        14       640    0.8467    0.6295    0.7076    0.3976   0.05732  0.005375         0
   100/299     2.96G   0.01507  0.001712         0   0.01679        14       640    0.8526    0.6312    0.7096    0.3986   0.05724  0.005366         0
   101/299     2.96G   0.01433  0.001729         0   0.01606        14       640    0.8675    0.6237    0.7111    0.3986   0.05726  0.005357         0
   102/299     2.96G   0.01482  0.001761         0   0.01658        14       640    0.8641    0.6254    0.7104    0.3985   0.05731  0.005341         0
   103/299     2.96G   0.01518  0.001716         0   0.01689        14       640    0.8695    0.6233    0.7109    0.3981   0.05726   0.00534         0
   104/299     2.96G   0.01482  0.001707         0   0.01653        14       640     0.876    0.6244    0.7122    0.3979   0.05717  0.005341         0
   105/299     2.96G   0.01448  0.001719         0    0.0162        14       640    0.8718    0.6273    0.7134    0.3988   0.05704  0.005344         0
   106/299     2.96G   0.01502  0.001714         0   0.01673        14       640    0.8643    0.6295    0.7138    0.3996    0.0569  0.005347         0
   107/299     2.96G   0.01503  0.001735         0   0.01677        14       640    0.8486    0.6385    0.7144    0.3999   0.05677  0.005354         0
   108/299     2.96G   0.01435    0.0017         0   0.01605        14       640     0.848     0.639     0.715    0.4013   0.05673  0.005359         0
   109/299     2.96G   0.01424    0.0017         0   0.01594        14       640    0.8486    0.6403    0.7152    0.4015   0.05669  0.005364         0
   110/299     2.96G   0.01447  0.001696         0   0.01616        14       640    0.8546    0.6388     0.716    0.4021    0.0566  0.005366         0
   111/299     2.96G   0.01458  0.001704         0   0.01629        14       640    0.8612    0.6357    0.7176    0.4024    0.0566  0.005361         0
   112/299     2.96G   0.01431  0.001677         0   0.01599        14       640    0.8575     0.638    0.7171    0.4021   0.05659  0.005356         0
   113/299     2.96G   0.01449  0.001669         0   0.01616        14       640    0.8587    0.6378    0.7168    0.4025   0.05658  0.005355         0
   114/299     2.96G   0.01375  0.001683         0   0.01543        14       640    0.8512    0.6419    0.7171    0.4033   0.05656  0.005349         0
   115/299     2.96G   0.01379  0.001644         0   0.01543        14       640    0.8652    0.6363    0.7182    0.4038   0.05658  0.005339         0
   116/299     2.96G   0.01406  0.001652         0   0.01571        14       640    0.8443     0.649    0.7189    0.4042   0.05653  0.005334         0
   117/299     2.96G   0.01407  0.001642         0   0.01571        14       640    0.8454    0.6508    0.7192    0.4044    0.0565  0.005333         0
   118/299     2.96G   0.01375  0.001662         0   0.01541        14       640    0.8456    0.6508    0.7199    0.4046   0.05647  0.005336         0
   119/299     2.96G   0.01414  0.001694         0   0.01583        14       640    0.8519    0.6473    0.7204    0.4053   0.05638  0.005341         0
   120/299     2.96G   0.01522  0.001763         0   0.01698        14       640    0.8529    0.6466     0.721    0.4053    0.0563  0.005341         0
   121/299     2.96G   0.01457  0.001688         0   0.01626        14       640    0.8538     0.647    0.7209    0.4055   0.05633  0.005336         0
   122/299     2.96G   0.01422  0.001646         0   0.01587        14       640    0.8574    0.6449    0.7205     0.406   0.05627  0.005335         0
   123/299     2.96G   0.01376   0.00163         0   0.01539        14       640    0.8566    0.6457    0.7213    0.4063   0.05623  0.005334         0
   124/299     2.96G   0.01373  0.001637         0   0.01537        14       640    0.8554    0.6472    0.7213    0.4063   0.05615  0.005338         0
   125/299     2.96G   0.01528  0.001637         0   0.01692        14       640    0.8564     0.646    0.7211    0.4066    0.0561  0.005342         0
   126/299     2.96G   0.01373  0.001648         0   0.01538        14       640    0.8628    0.6436    0.7215    0.4069   0.05604  0.005345         0
   127/299     2.96G   0.01378  0.001633         0   0.01541        14       640    0.8649    0.6425    0.7216    0.4073   0.05602  0.005345         0
   128/299     2.96G   0.01446  0.001649         0    0.0161        14       640    0.8634    0.6436    0.7222    0.4078   0.05599  0.005346         0
   129/299     2.96G   0.01412  0.001643         0   0.01577        14       640    0.8618    0.6449    0.7222    0.4079   0.05596  0.005345         0
   130/299     2.96G   0.01313  0.001627         0   0.01476        14       640    0.8592    0.6453    0.7224    0.4085   0.05588  0.005348         0
   131/299     2.96G   0.01371   0.00161         0   0.01532        14       640    0.8635    0.6429    0.7227    0.4089   0.05584  0.005348         0
   132/299     2.96G    0.0134  0.001602         0     0.015        14       640    0.8561    0.6488    0.7246     0.409   0.05582  0.005346         0
   133/299     2.96G   0.01413  0.001639         0   0.01577        14       640    0.8675    0.6419    0.7245    0.4097    0.0558   0.00535         0
   134/299     2.96G   0.01311  0.001606         0   0.01471        14       640      0.86    0.6471    0.7249    0.4098   0.05577  0.005351         0
   135/299     2.96G   0.01375  0.001594         0   0.01534        14       640    0.8645    0.6456    0.7249    0.4099   0.05575  0.005353         0
   136/299     2.96G    0.0132  0.001584         0   0.01478        14       640    0.8616    0.6463    0.7246      0.41   0.05577  0.005351         0
   137/299     2.96G   0.01327    0.0016         0   0.01487        14       640    0.8733    0.6395    0.7251    0.4101   0.05576   0.00535         0
   138/299     2.96G   0.01321  0.001604         0   0.01482        14       640    0.8697    0.6415    0.7254    0.4104   0.05575  0.005346         0
   139/299     2.96G   0.01423  0.001591         0   0.01582        14       640    0.8701    0.6422    0.7258    0.4101   0.05575  0.005345         0
   140/299     2.96G   0.01367  0.001618         0   0.01529        14       640    0.8647    0.6446    0.7262    0.4098   0.05575  0.005343         0
   141/299     2.96G   0.01346  0.001623         0   0.01509        14       640    0.8644     0.646    0.7265    0.4103   0.05575  0.005341         0
   142/299     2.96G   0.01317   0.00158         0   0.01475        14       640    0.8676    0.6454    0.7264    0.4107   0.05574  0.005341         0
   143/299     2.96G   0.01326  0.001569         0   0.01483        14       640    0.8676    0.6453    0.7266    0.4108   0.05573  0.005341         0
   144/299     2.96G   0.01389  0.001567         0   0.01546        14       640     0.866    0.6449    0.7263     0.411   0.05575   0.00534         0
   145/299     2.96G    0.0137  0.001679         0   0.01538        14       640     0.864    0.6451    0.7266    0.4111   0.05576  0.005338         0
   146/299     2.96G   0.01331  0.001564         0   0.01487        14       640     0.862    0.6473    0.7275    0.4112   0.05576  0.005339         0
   147/299     2.96G   0.01258  0.001543         0   0.01413        14       640    0.8612    0.6469     0.727    0.4109   0.05575  0.005339         0
   148/299     2.96G   0.01309  0.001547         0   0.01463        14       640    0.8476    0.6552    0.7273     0.411   0.05573   0.00534         0
   149/299     2.96G    0.0127  0.001527         0   0.01422        14       640    0.8592    0.6487    0.7276    0.4112   0.05572  0.005338         0
   150/299     2.96G   0.01274  0.001522         0   0.01426        14       640    0.8567    0.6511     0.728    0.4104   0.05571   0.00534         0
   151/299     2.96G    0.0128  0.001502         0   0.01431        14       640    0.8531    0.6539    0.7283    0.4107    0.0557  0.005342         0
   152/299     2.96G   0.01296  0.001495         0   0.01446        14       640    0.8571    0.6539    0.7292    0.4104   0.05569  0.005342         0
   153/299     2.96G   0.01243  0.001494         0   0.01393        14       640     0.854    0.6564      0.73    0.4104   0.05568  0.005341         0
   154/299     2.96G   0.01305  0.001506         0   0.01455        14       640    0.8557    0.6548    0.7297    0.4108   0.05568   0.00534         0
   155/299     2.96G   0.01236  0.001502         0   0.01386        14       640    0.8514    0.6567    0.7299    0.4107   0.05568   0.00534         0
   156/299     2.96G   0.01322  0.001524         0   0.01474        14       640    0.8464    0.6604    0.7303    0.4109   0.05568  0.005339         0
   157/299     2.96G   0.01271  0.001537         0   0.01425        14       640    0.8477    0.6607    0.7308    0.4111   0.05568  0.005336         0
   158/299     2.96G     0.013    0.0015         0    0.0145        14       640    0.8488    0.6587     0.731    0.4113   0.05565  0.005334         0
   159/299     2.96G   0.01267  0.001489         0   0.01416        14       640    0.8487    0.6587    0.7311    0.4115   0.05563  0.005333         0
   160/299     2.96G   0.01278  0.001481         0   0.01426        14       640    0.8769    0.6429    0.7313    0.4116   0.05562  0.005334         0
   161/299     2.96G   0.01259  0.001473         0   0.01406        14       640    0.8784    0.6425    0.7315    0.4117   0.05562  0.005333         0
   162/299     2.96G    0.0125  0.001462         0   0.01396        14       640    0.8626    0.6518    0.7317    0.4115   0.05562   0.00533         0
   163/299     2.96G   0.01259  0.001438         0   0.01403        14       640    0.8575    0.6549    0.7319    0.4119   0.05561  0.005329         0
   164/299     2.96G   0.01242   0.00145         0   0.01387        14       640    0.8685    0.6491    0.7319    0.4117   0.05561  0.005326         0
   165/299     2.96G   0.01199  0.001455         0   0.01345        14       640    0.8697    0.6487    0.7322    0.4116   0.05561  0.005326         0
   166/299     2.96G   0.01203  0.001443         0   0.01347        14       640     0.863    0.6527    0.7326    0.4119    0.0556  0.005324         0
   167/299     2.96G   0.01249  0.001444         0   0.01393        14       640    0.8648    0.6515    0.7329    0.4124    0.0556  0.005325         0
   168/299     2.96G   0.01197  0.001438         0   0.01341        14       640    0.8642    0.6532     0.733    0.4125    0.0556  0.005323         0
   169/299     2.96G   0.01218   0.00143         0   0.01361        14       640    0.8682    0.6509    0.7333    0.4126   0.05559  0.005322         0
   170/299     2.96G   0.01228  0.001426         0    0.0137        14       640    0.8676    0.6521    0.7335    0.4126   0.05558  0.005319         0
   171/299     2.96G   0.01253  0.001457         0   0.01399        14       640    0.8677    0.6527    0.7336    0.4127   0.05557  0.005317         0
   172/299     2.96G   0.01234   0.00146         0    0.0138        14       640    0.8674    0.6528    0.7338    0.4127   0.05557  0.005314         0
   173/299     2.96G   0.01233  0.001418         0   0.01375        14       640    0.8656    0.6532     0.734     0.413   0.05557  0.005311         0
   174/299     2.96G   0.01261  0.001424         0   0.01404        14       640    0.8683    0.6525    0.7343    0.4132   0.05558  0.005308         0
   175/299     2.96G   0.01201  0.001402         0   0.01341        14       640    0.8669    0.6532    0.7345    0.4129   0.05558  0.005304         0
   176/299     2.96G   0.01216  0.001424         0   0.01359        14       640    0.8704    0.6525    0.7352    0.4128   0.05557  0.005301         0
   177/299     2.96G   0.01211  0.001405         0   0.01351        14       640    0.8693    0.6526    0.7352    0.4131   0.05557  0.005299         0
   178/299     2.96G   0.01216  0.001418         0   0.01358        14       640    0.8775    0.6488    0.7354    0.4136   0.05558  0.005296         0
   179/299     2.96G   0.01268  0.001397         0   0.01408        14       640    0.8791     0.648    0.7358    0.4139    0.0556  0.005292         0
   180/299     2.96G   0.01273  0.001394         0   0.01412        14       640    0.8861    0.6456    0.7358    0.4138   0.05561   0.00529         0
   181/299     2.96G   0.01189  0.001379         0   0.01327        14       640    0.8843     0.646     0.736    0.4138   0.05561  0.005289         0
   182/299     2.96G   0.01122  0.001386         0   0.01261        14       640    0.8839     0.646    0.7355    0.4138    0.0556  0.005287         0
   183/299     2.96G   0.01158  0.001389         0   0.01297        14       640    0.8846     0.646    0.7357     0.414   0.05559  0.005286         0
   184/299     2.96G   0.01157  0.001387         0   0.01295        14       640    0.8894    0.6446     0.736    0.4138   0.05559  0.005284         0
   185/299     2.96G    0.0118  0.001381         0   0.01318        14       640    0.8864    0.6453    0.7362    0.4136   0.05559  0.005281         0
   186/299     2.96G   0.01178  0.001374         0   0.01315        14       640    0.8884    0.6449    0.7363    0.4136   0.05559  0.005279         0
   187/299     2.96G   0.01176  0.001374         0   0.01313        14       640    0.8888    0.6445    0.7362    0.4142   0.05559  0.005279         0
   188/299     2.96G   0.01209  0.001365         0   0.01346        14       640    0.8874    0.6453    0.7363    0.4145   0.05557  0.005279         0
   189/299     2.96G   0.01161  0.001349         0   0.01296        14       640    0.8948    0.6421    0.7364    0.4145   0.05556  0.005281         0
   190/299     2.96G    0.0115  0.001373         0   0.01288        14       640    0.8919    0.6446    0.7371    0.4147   0.05555  0.005281         0
   191/299     2.96G    0.0118  0.001364         0   0.01316        14       640    0.8926    0.6441     0.737    0.4145   0.05554   0.00528         0
   192/299     2.96G    0.0114  0.001333         0   0.01273        14       640     0.892    0.6435    0.7371    0.4142   0.05554  0.005278         0
   193/299     2.96G   0.01121  0.001344         0   0.01256        14       640    0.8935    0.6425     0.737    0.4142   0.05554  0.005276         0
   194/299     2.96G   0.01202  0.001343         0   0.01336        14       640    0.8944     0.642    0.7373    0.4141   0.05554  0.005276         0
   195/299     2.96G   0.01128  0.001331         0   0.01261        14       640    0.8933    0.6422    0.7373     0.414   0.05554  0.005275         0
   196/299     2.96G   0.01203  0.001323         0   0.01335        14       640    0.8935     0.642    0.7373    0.4137   0.05556  0.005274         0
   197/299     2.96G   0.01137  0.001332         0    0.0127        14       640    0.8926    0.6422    0.7374    0.4139   0.05557  0.005272         0
   198/299     2.96G   0.01121  0.001315         0   0.01253        14       640    0.8925     0.641    0.7371    0.4136   0.05558  0.005269         0
   199/299     2.96G   0.01125   0.00129         0   0.01254        14       640    0.8917    0.6412    0.7369    0.4137   0.05558  0.005271         0
   200/299     2.96G   0.01107    0.0013         0   0.01237        14       640    0.8887    0.6432    0.7368    0.4138   0.05558  0.005271         0
   201/299     2.96G   0.01109  0.001322         0   0.01241        14       640    0.8893    0.6425    0.7371     0.414   0.05558   0.00527         0
   202/299     2.96G   0.01085  0.001307         0   0.01216        14       640    0.8928    0.6412    0.7371    0.4139   0.05557   0.00527         0
   203/299     2.96G   0.01102   0.00129         0   0.01231        14       640    0.8919    0.6423    0.7372    0.4138   0.05558  0.005268         0
   204/299     2.96G   0.01069   0.00128         0   0.01197        14       640    0.8905    0.6429    0.7377    0.4142   0.05558  0.005265         0
   205/299     2.96G   0.01111  0.001286         0    0.0124        14       640    0.8945    0.6405    0.7378    0.4144   0.05558  0.005265         0
   206/299     2.96G   0.01122  0.001282         0    0.0125        14       640    0.8942    0.6412    0.7379    0.4147   0.05558  0.005265         0
   207/299     2.96G   0.01082  0.001284         0    0.0121        14       640    0.8947    0.6414    0.7383    0.4147   0.05558  0.005264         0
   208/299     2.96G   0.01114  0.001271         0   0.01242        14       640    0.8923    0.6425    0.7385     0.415   0.05558  0.005264         0
   209/299     2.96G   0.01142  0.001267         0   0.01269        14       640    0.8884    0.6444    0.7385    0.4152   0.05559  0.005264         0
   210/299     2.96G   0.01075  0.001275         0   0.01203        14       640    0.8905    0.6429    0.7386    0.4154   0.05558  0.005264         0
   211/299     2.96G   0.01087  0.001267         0   0.01213        14       640    0.8875    0.6442    0.7392    0.4153   0.05558  0.005262         0
   212/299     2.96G   0.01073  0.001273         0     0.012        14       640    0.8967    0.6391    0.7395     0.415   0.05558  0.005263         0
   213/299     2.96G   0.01042  0.001249         0   0.01167        14       640      0.89    0.6429    0.7395    0.4151   0.05557  0.005263         0
   214/299     2.96G   0.01047  0.001253         0   0.01172        14       640    0.8799    0.6483    0.7398    0.4155   0.05557  0.005264         0
   215/299     2.96G   0.01037  0.001252         0   0.01162        14       640    0.8625     0.658    0.7397    0.4158   0.05557  0.005266         0
   216/299     2.96G   0.01049  0.001246         0   0.01174        14       640    0.8795    0.6487    0.7394    0.4157   0.05557  0.005265         0
   217/299     2.96G    0.0106  0.001245         0   0.01185        14       640    0.8785    0.6497    0.7396     0.416   0.05557  0.005265         0
   218/299     2.96G    0.0103  0.001246         0   0.01155        14       640    0.8695    0.6559    0.7399    0.4162   0.05556  0.005267         0
   219/299     2.96G   0.01015   0.00124         0   0.01139        14       640    0.8683    0.6559    0.7392    0.4163   0.05556   0.00527         0
   220/299     2.96G   0.01047  0.001282         0   0.01175        14       640    0.8801    0.6484    0.7391    0.4164   0.05555  0.005273         0
   221/299     2.96G   0.01039  0.001248         0   0.01163        14       640    0.8809    0.6484     0.739    0.4157   0.05555  0.005276         0
   222/299     2.96G   0.01034  0.001221         0   0.01156        14       640      0.88     0.649    0.7396    0.4157   0.05555  0.005274         0
   223/299     2.96G   0.01017   0.00123         0    0.0114        14       640    0.8793    0.6498    0.7397    0.4162   0.05554  0.005274         0
   224/299     2.96G   0.01026  0.001221         0   0.01149        14       640    0.8768    0.6508    0.7398    0.4165   0.05554  0.005273         0
   225/299     2.96G  0.009945  0.001211         0   0.01116        14       640    0.8762    0.6508    0.7389    0.4169   0.05553  0.005275         0
   226/299     2.96G  0.009903  0.001212         0   0.01112        14       640    0.8761    0.6511    0.7387    0.4169   0.05554  0.005274         0
   227/299     2.96G  0.009882  0.001197         0   0.01108        14       640    0.8748    0.6528    0.7396    0.4166   0.05554  0.005274         0
   228/299     2.96G   0.01009  0.001195         0   0.01129        14       640    0.8774    0.6507    0.7398    0.4171   0.05554  0.005274         0
   229/299     2.96G    0.0105  0.001184         0   0.01168        14       640    0.8797    0.6494    0.7398    0.4171   0.05553  0.005275         0
   230/299     2.96G   0.01042  0.001198         0   0.01162        14       640     0.884    0.6467    0.7401     0.417   0.05553  0.005274         0
   231/299     2.96G   0.01021  0.001202         0   0.01141        14       640    0.8676    0.6566    0.7404    0.4169   0.05553  0.005274         0
   232/299     2.96G  0.009949  0.001177         0   0.01113        14       640    0.8673    0.6563    0.7403    0.4166   0.05554  0.005276         0
   233/299     2.96G  0.009944  0.001183         0   0.01113        14       640    0.8917    0.6429    0.7405    0.4171   0.05554  0.005277         0
   234/299     2.96G   0.01029  0.001186         0   0.01147        14       640    0.8888    0.6444    0.7406    0.4169   0.05555  0.005277         0
   235/299     2.96G      0.01  0.001174         0   0.01117        14       640    0.8884    0.6453    0.7411    0.4167   0.05555  0.005276         0
   236/299     2.96G  0.009988  0.001183         0   0.01117        14       640    0.8793    0.6497     0.741    0.4166   0.05555  0.005277         0
   237/299     2.96G   0.01001  0.001179         0   0.01119        14       640    0.8971    0.6403    0.7411    0.4164   0.05555  0.005276         0
   238/299     2.96G   0.01032  0.001181         0    0.0115        14       640    0.9018    0.6384     0.741    0.4166   0.05555  0.005275         0
   239/299     2.96G    0.0108  0.001187         0   0.01198        14       640    0.8961    0.6418    0.7411    0.4166   0.05555  0.005277         0
   240/299     2.96G   0.01014  0.001179         0   0.01132        14       640    0.8968    0.6415    0.7416    0.4171   0.05556  0.005275         0
   241/299     2.96G   0.01045  0.001175         0   0.01162        14       640    0.9017    0.6386    0.7414    0.4171   0.05556  0.005276         0
   242/299     2.96G  0.009995  0.001169         0   0.01116        14       640       0.9    0.6398    0.7414    0.4167   0.05556  0.005275         0
   243/299     2.96G  0.009905  0.001172         0   0.01108        14       640    0.8958    0.6415    0.7414    0.4168   0.05556  0.005274         0
   244/299     2.96G  0.009991  0.001162         0   0.01115        14       640     0.896    0.6415    0.7415     0.417   0.05556  0.005276         0
   245/299     2.96G      0.01  0.001159         0   0.01116        14       640    0.8893    0.6448    0.7414    0.4173   0.05556  0.005276         0
   246/299     2.96G  0.009802  0.001154         0   0.01096        14       640    0.8898    0.6453    0.7418    0.4168   0.05556  0.005278         0
   247/299     2.96G  0.009451  0.001136         0   0.01059        14       640    0.8874    0.6463    0.7415    0.4172   0.05557  0.005279         0
   248/299     2.96G  0.009648  0.001147         0    0.0108        14       640    0.8879    0.6449     0.741    0.4167   0.05558  0.005278         0
   249/299     2.96G  0.009857  0.001127         0   0.01098        14       640    0.8898    0.6463    0.7418    0.4169   0.05558  0.005278         0
   250/299     2.96G  0.009569  0.001147         0   0.01072        14       640    0.8948    0.6425    0.7411    0.4166   0.05559  0.005277         0
   251/299     2.96G  0.009458  0.001136         0   0.01059        14       640     0.895     0.643     0.741    0.4169    0.0556  0.005278         0
   252/299     2.96G  0.009783  0.001151         0   0.01093        14       640    0.8963    0.6412    0.7407    0.4169    0.0556  0.005279         0
   253/299     2.96G  0.009472  0.001141         0   0.01061        14       640     0.897    0.6408    0.7407    0.4174    0.0556  0.005279         0
   254/299     2.96G  0.009488  0.001129         0   0.01062        14       640    0.8968    0.6408    0.7408    0.4176    0.0556  0.005279         0
   255/299     2.96G  0.009673  0.001139         0   0.01081        14       640    0.8669    0.6563    0.7409    0.4179   0.05561  0.005278         0
   256/299     2.96G  0.009624  0.001129         0   0.01075        14       640    0.8665    0.6563    0.7411    0.4178   0.05561  0.005278         0
   257/299     2.96G  0.009397   0.00112         0   0.01052        14       640    0.8719    0.6525     0.741    0.4179   0.05561  0.005276         0
   258/299     2.96G  0.009454  0.001114         0   0.01057        14       640    0.8898    0.6429    0.7409    0.4179   0.05561  0.005277         0
   259/299     2.96G  0.009424  0.001122         0   0.01055        14       640    0.8799    0.6484     0.741    0.4173   0.05562  0.005276         0
   260/299     2.96G  0.009071  0.001114         0   0.01018        14       640    0.8725    0.6525    0.7411    0.4171   0.05563  0.005276         0
   261/299     2.96G  0.008986  0.001102         0   0.01009        14       640    0.8725    0.6524    0.7408    0.4172   0.05563  0.005274         0
   262/299     2.96G  0.008803  0.001096         0    0.0099        14       640    0.8579    0.6607    0.7408     0.417   0.05563  0.005274         0
   263/299     2.96G  0.008834  0.001098         0  0.009932        14       640    0.8684    0.6556    0.7413    0.4174   0.05563  0.005273         0
   264/299     2.96G  0.008915  0.001098         0   0.01001        14       640    0.8599    0.6617    0.7412    0.4174   0.05563  0.005272         0
   265/299     2.96G  0.009123  0.001088         0   0.01021        14       640    0.8616    0.6618    0.7411    0.4175   0.05564  0.005271         0
   266/299     2.96G  0.008902  0.001089         0   0.00999        14       640    0.8605    0.6624    0.7413    0.4174   0.05565  0.005271         0
   267/299     2.96G   0.00871  0.001088         0  0.009799        14       640    0.8634    0.6614    0.7413    0.4176   0.05565   0.00527         0
   268/299     2.96G  0.008709  0.001073         0  0.009782        14       640    0.8583     0.663    0.7414    0.4174   0.05566  0.005272         0
   269/299     2.96G  0.008806  0.001089         0  0.009894        14       640    0.8649    0.6586    0.7409    0.4174   0.05566  0.005273         0
